[individuals]
60
[landmarks]
28
[dimensions]
3
[names]
Delphinus tropicalis
Delphinus delphis
Delphinus capensis
Tursiops truncatus
Tursiops aduncus
Stenella coeruleoalba
Stenella frontalis
Stenella longirostris
Lagenodelphis hosei
Stenella attenuata
Sousa teuszii
Sousa chinensis
Sousa plumbea
Sotalia fluviatilis
Steno bredanensis
Feresa attenuata
Globicephala melas
Globicephala macrorhynchus
Peponocephala electra
Pseudorca crassidens
Grampus griseus
Orcaella brevirostris
Orcaella heinsohni
Lissodelphis peronii
Lissodelphis borealis
Lagenorhynchus obscurus
Lagenorhynchus obliquidens
Lagenorhynchus cruciger
Lagenorhynchus australis
Cephalorhynchus heavisidii
Cephalorhynchus eutropia
Cephalorhynchus commersoni
Lagenorhynchus albirostris
Lagenorhynchus acutus
Orcinus orca
Phocoena sinus
Phocoena spinipinnis
Phocoena dioptrica
Phocoena phocoena
Phocoenoides dalli
Neophocaena phocaenoides
Delphinapterus leucas
Monodon monoceros
Inia geoffrensis
Pontoporia blanvillei
Lipotes vexillifer
Mesoplodon bowdoini
Mesoplodon ginkgondens
Mesoplodon europaeus
Mesoplodon mirus
Mesoplodon hectori
Mesoplodon bidens
Indopacetus pacificus
Hyperodont planifrons
Hyperodont ampullatus
Ziphius cavirostris
Berardius arnuxii
Platanista gangetica
Kogia breviceps
Kogia sima

[rawpoints]

'Delphinus tropicalis

0.551465 -0.00657266 0.00333704
0.549983 0.00601907 0.00190134
0.0803744 -0.0676576 0.0305767
0.0855238 0.0582319 0.0296768
0.00215119 0.00821646 0.0609034
-0.0784893 0.00175452 0.133159
-0.0636098 -0.105096 0.0734259
-0.0625443 0.108569 0.0690197
-0.141211 -0.0894309 0.0240737
-0.139715 0.0876701 0.0219877
-0.0761761 -0.109997 -0.0226702
-0.0713802 0.111122 -0.0227267
-0.0284237 -0.123716 -0.00256779
-0.0349097 0.124193 -0.00400913
-0.156699 0.00161747 0.0181353
-0.160298 0.0246461 -0.0089156
-0.160114 -0.0233661 -0.00572461
-0.151815 0.000251869 -0.0320475
-0.0885441 -0.0681193 -0.0764957
-0.0888952 0.0660778 -0.0760746
-0.0213586 -0.127936 -0.0103011
-0.0236508 0.125881 -0.00961996
-0.00130155 -0.030865 -0.0693036
-0.00258572 0.0295939 -0.069818
0.0958444 -0.00434129 -0.0355252
0.0960752 0.00475408 -0.0354874
0.0461938 -0.114084 0.00566437
0.0441089 0.112583 0.0094258

'Delphinus delphis

0.496395 -0.0101391 0.00344985
0.498402 0.00333851 0.00463506
0.0918649 -0.0697558 0.0353613
0.0978553 0.0619718 0.0412241
0.0181725 0.01017 0.0628507
-0.073751 0.0039277 0.139649
-0.0640215 -0.124229 0.0606031
-0.0717517 0.125321 0.0611962
-0.129375 -0.113414 0.0369867
-0.131608 0.117313 0.0278287
-0.0675013 -0.122741 -0.0247441
-0.0689319 0.120375 -0.0275058
-0.0277272 -0.136644 -0.00711781
-0.0322042 0.137307 -0.00663688
-0.160653 -0.00163896 0.0323676
-0.173382 0.025907 -0.00325
-0.171354 -0.0274133 -0.00232332
-0.165283 -0.00103095 -0.0302961
-0.090772 -0.0751712 -0.0887009
-0.0890152 0.074862 -0.089152
-0.0203113 -0.140126 -0.0141058
-0.0222739 0.139245 -0.0125401
0.0123407 -0.0368821 -0.0758765
0.0133226 0.038144 -0.07867
0.115043 -0.0108959 -0.0279675
0.114538 0.0116834 -0.0282831
0.0516731 -0.125711 0.0042391
0.0503083 0.126228 0.00677831

'Delphinus capensis

0.504485 -0.00676229 -0.005553
0.504953 0.00629445 -0.0050717
0.0964729 -0.0646499 0.0339841
0.0992181 0.0617092 0.0357956
0.00886608 0.00600472 0.0609601
-0.0907569 0.00434515 0.139117
-0.0714165 -0.126315 0.0574418
-0.072135 0.126646 0.0549802
-0.136068 -0.105889 0.0282689
-0.13818 0.105689 0.0205797
-0.0820758 -0.112361 -0.0222044
-0.0779212 0.112853 -0.0226121
-0.0384512 -0.130704 -0.0109107
-0.0389034 0.130218 -0.0115223
-0.155964 0.00123655 0.0355003
-0.16851 0.0304863 -0.00108133
-0.169835 -0.0278569 -0.00583629
-0.1576 0.000659506 -0.030428
-0.0913942 -0.0715378 -0.0814681
-0.0908378 0.0708436 -0.0810256
-0.0267311 -0.133475 -0.0142561
-0.0292014 0.131325 -0.0152504
0.0225664 -0.0266283 -0.0709927
0.0188008 0.0204058 -0.0665945
0.142091 -0.0140986 -0.016817
0.13943 0.0127329 -0.0199804
0.0502415 -0.117579 0.00389991
0.0488546 0.116408 0.0110773

'Tursiops truncatus

0.454426 -0.00809045 -0.0165181
0.454303 0.00147497 -0.0162281
0.102707 -0.0784337 0.0327229
0.103056 0.0747354 0.0405269
0.0259292 0.00569974 0.0628605
-0.0784267 0.000462248 0.142126
-0.0815445 -0.118062 0.0840204
-0.0815909 0.124276 0.0767605
-0.147631 -0.104018 0.0308984
-0.148627 0.102651 0.0238446
-0.0807619 -0.128989 -0.0232657
-0.0803808 0.126744 -0.0271465
-0.019115 -0.14745 -0.015152
-0.0229145 0.150106 -0.0132541
-0.164439 -0.000370087 0.0156259
-0.171737 0.0256985 -0.016537
-0.171853 -0.0257894 -0.0141452
-0.160174 -0.000393237 -0.0426648
-0.0890755 -0.0817255 -0.0903335
-0.0891618 0.0805504 -0.0919506
-0.015327 -0.14932 -0.00831929
-0.0180327 0.148648 -0.00741161
0.0220875 -0.0306385 -0.0721322
0.0252972 0.0305498 -0.07142
0.149135 -0.0268753 -0.0138433
0.148569 0.0281652 -0.0104334
0.0688582 -0.13342 0.0186787
0.0664263 0.133813 0.0226906

'Tursiops aduncus

0.474615 -0.00218047 -0.0078685
0.471274 0.00990137 -0.00868127
0.0953687 -0.0748504 0.0305922
0.100821 0.0677212 0.0344819
0.0231134 0.00465603 0.0563762
-0.0685815 -0.000622187 0.13538
-0.0766723 -0.117011 0.0723341
-0.0709107 0.120406 0.0664731
-0.145849 -0.0973039 0.0333827
-0.142137 0.0917056 0.0359207
-0.0920237 -0.117784 -0.0205265
-0.0785816 0.121163 -0.0253942
-0.0265468 -0.136287 0.00203136
-0.0289261 0.142667 0.000156267
-0.16184 0.00185582 0.0145888
-0.169988 0.0252707 -0.0151317
-0.175803 -0.024773 -0.0168408
-0.163995 -0.000507535 -0.0425522
-0.0974646 -0.080507 -0.090644
-0.0957905 0.0766436 -0.0940815
-0.0225643 -0.144894 -0.0090779
-0.0194225 0.141937 -0.00926631
0.0151003 -0.0314905 -0.0710254
0.0169275 0.0303998 -0.0709922
0.157139 -0.0241427 -0.0126191
0.15559 0.0198865 -0.0144952
0.0643818 -0.130361 0.0125151
0.0627675 0.128502 0.0149647

'Stenella coeruleoalba

0.48958 -0.00712495 0.00208991
0.488042 0.0032511 0.000688161
0.106849 -0.0767616 0.0343886
0.105489 0.0728633 0.0450736
0.0150706 0.00935816 0.0696847
-0.063717 0.00424805 0.142447
-0.0704328 -0.125422 0.0560767
-0.0689094 0.126319 0.0479623
-0.123098 -0.110199 0.0305057
-0.12527 0.108163 0.030756
-0.0713292 -0.120396 -0.0260417
-0.0752566 0.119605 -0.0217674
-0.038394 -0.138967 -0.0128532
-0.0262507 0.136963 -0.0249472
-0.164446 -0.00117328 0.0211247
-0.166338 0.0209979 -0.00334079
-0.167746 -0.0242755 -0.00273998
-0.167238 -0.00194535 -0.0284382
-0.0941356 -0.0779639 -0.0845192
-0.0988398 0.0754256 -0.0817704
-0.0260035 -0.142998 -0.0166117
-0.0199945 0.137622 -0.0218219
-0.00343788 -0.0308305 -0.0766816
-0.00703542 0.036191 -0.0744742
0.135343 -0.0193332 -0.00673186
0.137649 0.0234966 -0.00437584
0.0491327 -0.131482 -0.00175258
0.0507175 0.134369 0.00807036

'Stenella frontalis

0.46244 -0.00625723 -0.0120477
0.463113 0.00580891 -0.0125321
0.0990373 -0.0767543 0.0372003
0.10142 0.0697469 0.0409349
0.0335714 0.00794551 0.0630406
-0.0742191 0.00937926 0.136622
-0.0683322 -0.125104 0.0733214
-0.0652063 0.129553 0.0660246
-0.134167 -0.115042 0.0292539
-0.13938 0.113783 0.0289687
-0.071027 -0.12859 -0.0320176
-0.0705757 0.131443 -0.0334043
-0.0297433 -0.145735 -0.00865497
-0.0272621 0.146433 -0.00812714
-0.172137 0.000844714 0.0175359
-0.183028 0.0267725 -0.0153546
-0.179817 -0.0301955 -0.0110798
-0.167873 -0.00216023 -0.0408061
-0.0935068 -0.0813559 -0.085934
-0.0916281 0.0793555 -0.0872623
-0.015331 -0.146428 -0.0121984
-0.0199921 0.148188 -0.00415709
0.0189833 -0.0270643 -0.0682814
0.0222214 0.0216652 -0.0675041
0.142066 -0.02262 -0.00767057
0.140783 0.0215055 -0.00576922
0.0602945 -0.13431 0.00803451
0.0592954 0.129192 0.011865

'Stenella longirostris

0.539987 -0.000896942 -0.00552267
0.539236 0.00752506 -0.00738674
0.0725768 -0.0681391 0.0316659
0.080009 0.0611024 0.0336504
0.0235797 0.00315449 0.0449634
-0.0705655 0.00363376 0.115474
-0.0738181 -0.109231 0.058486
-0.0690648 0.110884 0.054441
-0.126001 -0.101818 0.0282407
-0.125214 0.10097 0.0206467
-0.0740371 -0.117782 -0.0209646
-0.0855314 0.113922 -0.017294
-0.0504058 -0.131896 -0.0125877
-0.0339777 0.123167 -0.00561339
-0.153372 0.00325624 0.0301439
-0.167396 0.0273529 -0.00380276
-0.168441 -0.023169 -0.00432293
-0.163301 0.00293911 -0.0296459
-0.087362 -0.058285 -0.078726
-0.0885899 0.0532917 -0.0841462
-0.0425466 -0.131919 -0.0130533
-0.0270032 0.127374 -0.00869681
0.00729246 -0.0260098 -0.0635738
0.00957178 0.0245198 -0.0639484
0.132865 -0.0194451 -0.00958319
0.133378 0.0167634 -0.00892522
0.0416569 -0.10876 0.0122615
0.0264731 0.117494 0.00782056

'Lagenodelphis hosei

0.41549 -0.0135647 0.00429974
0.418275 0.00664945 0.00594847
0.117382 -0.0913078 0.0283572
0.121127 0.0873745 0.0348192
0.0243593 0.011572 0.0841934
-0.0689695 0.000212811 0.152343
-0.0704077 -0.140771 0.0593669
-0.0793547 0.141629 0.0539081
-0.118378 -0.120551 0.0304321
-0.124569 0.117305 0.0339575
-0.0701711 -0.14651 -0.0138711
-0.0723689 0.146482 -0.015889
-0.0311894 -0.161633 -0.0109786
-0.0304655 0.164493 -0.0118628
-0.159124 0.000574567 0.0255107
-0.16918 0.0260778 -0.00253329
-0.168249 -0.0262213 -0.00270488
-0.16515 -0.000610055 -0.0276351
-0.0920124 -0.100973 -0.0896311
-0.093648 0.100751 -0.0967411
-0.0224077 -0.174577 -0.0222136
-0.0177521 0.173559 -0.0232436
0.0157386 -0.0451749 -0.0919634
0.0160692 0.0432575 -0.0938294
0.15124 -0.0322764 -0.00333881
0.149004 0.0320983 -0.00409225
0.0615048 -0.157131 -0.00189311
0.0632068 0.159267 -0.000714852

'Stenella attenuata

0.48753 -0.00400706 0.00787225
0.488164 0.00408667 0.00839291
0.108939 -0.0760178 0.0282797
0.115093 0.0687317 0.0338966
0.0217841 0.00832454 0.0690802
-0.0618554 0.00474366 0.136769
-0.06511 -0.126594 0.0642866
-0.0638459 0.127887 0.0572234
-0.135359 -0.10875 0.0265189
-0.138039 0.105565 0.0259944
-0.0684141 -0.122309 -0.0273474
-0.070429 0.121538 -0.0283427
-0.0336204 -0.137483 -0.00938636
-0.0330556 0.134937 -0.00728901
-0.167493 0.00170656 0.0294581
-0.173427 0.0276947 -0.00150919
-0.17358 -0.0283404 0.000232945
-0.168612 -5.30452e-05 -0.0314358
-0.0936884 -0.0761336 -0.0900469
-0.0956748 0.0768209 -0.0901361
-0.0205494 -0.141916 -0.0117226
-0.0211521 0.140041 -0.0144632
0.000302298 -0.0292965 -0.0737069
0.0030002 0.0339947 -0.0743972
0.116441 -0.0228178 -0.0203269
0.115311 0.0210479 -0.0211561
0.0626606 -0.124411 0.00757599
0.0646812 0.12101 0.00568554

'Sousa teuszii

0.477607 -0.00336 0.00239992
0.476213 0.00614319 0.00173713
0.0983672 -0.081654 0.0246886
0.0996504 0.0726549 0.0294468
0.0377316 0.00443037 0.0482211
-0.0812566 0.00249869 0.129147
-0.0796699 -0.0941526 0.0961525
-0.0761575 0.0973862 0.0919564
-0.144495 -0.0876218 0.0611333
-0.144962 0.0882991 0.054838
-0.0938313 -0.122943 -0.0327991
-0.0912832 0.120876 -0.0298955
-0.0181578 -0.140709 -0.00231699
-0.0158321 0.137816 -0.00443382
-0.163324 0.00271381 0.0141491
-0.162825 0.029805 -0.0129403
-0.165931 -0.0276792 -0.0142106
-0.161739 0.00140733 -0.0516076
-0.0946937 -0.0814017 -0.0939425
-0.0931105 0.0784108 -0.0977172
-0.0091734 -0.147061 -0.0145358
-0.0099002 0.144801 -0.0110309
0.0163991 -0.0353404 -0.0843588
0.0142591 0.0341411 -0.0857727
0.133341 -0.0320397 -0.0202618
0.132564 0.0287008 -0.0174089
0.0628812 -0.129888 0.00915522
0.0573263 0.133768 0.0102079

'Sousa chinensis

0.503378 -0.0142985 -0.00940623
0.502447 0.00280137 -0.00956601
0.0927667 -0.078295 0.0296892
0.0955649 0.0760758 0.0366254
0.0281035 0.00916084 0.0603631
-0.0784094 0.00718625 0.133031
-0.0770396 -0.0901636 0.0928559
-0.0735211 0.0966486 0.0891748
-0.14929 -0.0804436 0.0268722
-0.152772 0.0670289 0.024089
-0.0890663 -0.119132 -0.0211562
-0.0923956 0.119182 -0.0263697
-0.0132369 -0.127183 -0.0120587
-0.0175938 0.127936 -0.0111175
-0.159881 -0.000591207 0.0159283
-0.171828 0.021909 -0.0130736
-0.170074 -0.0251199 -0.0127499
-0.161116 0.00119148 -0.0433736
-0.089223 -0.07549 -0.0934684
-0.0898657 0.0754618 -0.0930638
-0.00870601 -0.132007 -0.00806136
-0.0101419 0.131448 -0.0100019
0.00863427 -0.032169 -0.0716273
0.0056025 0.0355497 -0.0729372
0.124566 -0.0295669 -0.0150242
0.124801 0.0331617 -0.0115845
0.0614468 -0.120071 0.00920856
0.0568483 0.119789 0.0168027

'Sousa plumbea

0.502711 -0.00579376 -0.00417547
0.502618 0.0045699 -0.00526409
0.091422 -0.0748744 0.028395
0.0927406 0.068702 0.0346284
0.029106 0.00571889 0.0596158
-0.0790218 0.000989927 0.127632
-0.0727712 -0.0961416 0.0951759
-0.0710827 0.100988 0.0891062
-0.14759 -0.0863031 0.0311222
-0.149327 0.0831085 0.0208018
-0.0795682 -0.122832 -0.0253964
-0.0816632 0.122342 -0.0256828
-0.023176 -0.133185 -0.0103536
-0.023679 0.133703 -0.0114577
-0.162759 0.000951119 0.0203877
-0.166245 0.0280695 -0.0108364
-0.16745 -0.0263614 -0.0096107
-0.161189 -9.80462e-06 -0.0433852
-0.0932189 -0.0747147 -0.0896016
-0.0922581 0.0738955 -0.0913937
-0.0123558 -0.135534 -0.00803249
-0.0149061 0.135213 -0.00774573
0.00848222 -0.0290813 -0.0745405
0.0109198 0.0312152 -0.0735362
0.12092 -0.0271651 -0.0170831
0.123791 0.0250259 -0.0166775
0.0586307 -0.120724 0.00633722
0.0569202 0.118227 0.0115709

'Sotalia fluviatilis

0.465419 0.00299318 -0.0081656
0.469722 0.00913368 -0.00771939
 0.1044 -0.0701464 0.0383831
0.110929 0.0591368 0.0429733
0.0310599 0.00741953 0.0725842
-0.0690553 -0.00151861 0.14008
-0.0785703 -0.0985508 0.0962825
-0.0601518 0.106403 0.0887466
-0.150032 -0.0935974 0.044744
-0.146061 0.0994774 0.0394025
-0.0730522 -0.121749 -0.0282694
-0.086339 0.116711 -0.0275526
-0.0184164 -0.138261 -0.0102987
-0.0158423 0.13456 -0.00942582
-0.173347 0.00141237 0.0197501
-0.187968 0.0302136 -0.0304704
-0.189668 -0.0281843 -0.0308572
-0.167223 0.000385409 -0.0536744
-0.0994957 -0.0752913 -0.0948606
-0.0962404 0.0749639 -0.0958648
-0.00824846 -0.142503 -0.00954937
-0.00540731 0.139948 -0.0101049
0.0168954 -0.0350267 -0.0768561
0.0189432 0.0307565 -0.0752075
0.134076 -0.0250166 -0.0239316
0.13641 0.0230932 -0.0211536
0.0670599 -0.121594 0.0148883
0.0702024 0.114831 0.0161271

'Steno bredanensis

0.495415 -0.000468081 -0.017662
0.494698 0.00313985 -0.0184982
0.0920374 -0.0705966 0.026866
0.0973141 0.0623543 0.0313841
0.0268002 0.00526384 0.0555786
-0.0691018 -0.00257474 0.126848
-0.0773376 -0.10055 0.0868797
-0.0768016 0.105658 0.0802471
-0.148622 -0.090771 0.0213319
-0.153415 0.0877298 0.0176909
-0.0908694 -0.116653 -0.0402261
-0.0890384 0.119191 -0.043525
-0.0268838 -0.13553 0.00655275
-0.0245162 0.133867 0.00448202
-0.164168 0.00120883 0.0167112
-0.169931 0.0276137 -0.00921908
-0.167737 -0.0249758 -0.00945083
-0.165171 0.000516775 -0.0405878
-0.0900573 -0.0791286 -0.0997079
-0.0906374 0.0767807 -0.102687
-0.0136164 -0.133776 0.00475436
-0.0148996 0.135309 0.00805255
0.0159384 -0.0281184 -0.0684355
0.0145485 0.0291189 -0.0653394
0.12637 -0.0296359 -0.010507
0.130662 0.0252607 -0.0101765
0.0684942 -0.113816 0.0250128
0.0705255 0.113582 0.0236299

'Feresa attenuata

0.393108 -0.00913259 -0.0319103
0.393315 0.00449471 -0.0313661
0.126409 -0.0896272 0.0464172
0.12934 0.0847787 0.0540439
0.0461399 0.0100798 0.094472
-0.110435 -0.0062921 0.14421
-0.0907514 -0.121589 0.0876733
-0.076915 0.135127 0.0735172
-0.136646 -0.125591 0.0150156
-0.143074 0.121721 0.00458993
-0.0882254 -0.140066 -0.0213176
-0.090822 0.139802 -0.0282188
-0.0107258 -0.164924 -0.0018842
-0.0103289 0.164773 0.00191192
-0.164553 0.000964537 0.019656
-0.175819 0.028543 -0.0252701
-0.176705 -0.0314443 -0.0227904
-0.152466 -0.00405423 -0.0590236
-0.102668 -0.0992397 -0.0945894
-0.102017 0.0980207 -0.100209
0.00575437 -0.173188 -0.00517476
0.00589142 0.170321 -0.000467638
0.0335869 -0.0309694 -0.0757834
0.030231 0.0341037 -0.075516
0.138167 -0.0308414 -0.0172235
0.140216 0.0353976 -0.0129733
0.0950627 -0.152657 0.0272732
0.0949315 0.151488 0.034938

'Globicephala melas

0.382537 -0.00801183 -0.0226763
0.382376 0.00535268 -0.0233719
0.109706 -0.107885 0.0540681
0.116467 0.103119 0.0588031
0.0144867 0.0138803 0.0827588
-0.113688 -0.000306188 0.144145
-0.0834367 -0.127345 0.0883301
-0.0791145 0.134645 0.0753435
-0.122655 -0.121881 0.0277059
-0.127824 0.120211 0.0234225
-0.0713305 -0.163535 -0.0171843
-0.0755597 0.161655 -0.0226076
-0.00171697 -0.18093 -0.00961665
0.00122501 0.18059 -0.00642623
-0.15726 -0.000171508 0.0131055
-0.168626 0.0245574 -0.0157521
-0.169452 -0.0262921 -0.0148785
-0.158816 -0.00146963 -0.0462513
-0.0953375 -0.106987 -0.0994562
-0.0942548 0.105442 -0.102565
0.0138328 -0.18753 -0.0111237
0.0151703 0.186277 -0.00629213
0.0181994 -0.042807 -0.0934081
0.0188139 0.0427794 -0.0933976
0.130147 -0.0362872 -0.0209341
0.129273 0.0362408 -0.0190572
0.0930241 -0.1696 0.0245639
0.0938138 0.166287 0.032752

'Globicephala macrorhynchus

0.382351 -0.00696473 -0.0151126
0.380836 0.00431051 -0.0149739
0.11712 -0.110063 0.0428626
0.122395 0.104901 0.0494896
0.0147419 0.0132639 0.0817428
-0.116696 -0.00264058 0.143974
-0.0853485 -0.125229 0.0884748
-0.0848463 0.128209 0.07307
-0.122897 -0.115194 0.0356102
-0.125051 0.112476 0.0346008
-0.0661607 -0.162653 -0.0163764
-0.0732667 0.159792 -0.0195898
-0.0142902 -0.180401 -0.00852725
-0.0127085 0.178592 -0.00860247
-0.152374 0.0012437 0.0176399
-0.167356 0.0291871 -0.0137145
-0.166657 -0.0268061 -0.0152301
-0.160468 -3.2179e-05 -0.043619
-0.0938309 -0.10879 -0.10064
-0.0920395 0.108166 -0.104342
0.00943064 -0.186947 -0.0154012
0.0098003 0.18916 -0.0124222
0.0185239 -0.0429459 -0.0900636
0.0199682 0.0424213 -0.0909141
0.135081 -0.0404419 -0.0221586
0.137954 0.038662 -0.0197843
0.0915347  -0.176 0.0198803
0.0942548 0.174722 0.024127

'Peponocephala electra

0.420744 -0.00698443 -0.0202602
0.420455 0.00553924 -0.0204357
0.117188 -0.0922584 0.03686
0.118944 0.0874926 0.0434082
0.0176569 0.0100091 0.0826722
-0.0981594 -0.00439623 0.137602
-0.0864933 -0.130276 0.0684428
-0.0810609 0.136446 0.0563766
-0.129122 -0.111151 0.0148577
-0.127464 0.11381 0.00492789
-0.0747948 -0.138386 -0.0191497
-0.0782713 0.13774 -0.0229845
-0.0125642 -0.164225 -0.00504182
-0.0179907 0.164071 -0.000111421
-0.158171 0.0017858 0.016603
-0.170366 0.0289175 -0.00725809
-0.167407 -0.0260226 -0.00535525
-0.160748 0.000148959 -0.0414047
-0.101192 -0.0934149 -0.0926915
-0.101996 0.0920274 -0.0960618
-0.00592229 -0.169229 0.00120938
-0.0064269 0.169233 0.00225317
0.0203844 -0.034769 -0.0791828
0.0148305 0.032074 -0.0787858
0.141661 -0.0446375 -0.0083775
0.139492 0.0401671 -0.00797794
0.0847256 -0.15668 0.0164265
0.0820689 0.152968 0.0234393

'Pseudorca crassidens

0.404664 -0.0103998 -0.00775608
0.404573 0.00814886 -0.00758806
0.126933 -0.0924912 0.03005
0.130641 0.0873977 0.0340944
0.0460061 0.0107606 0.0714716
-0.0922579 0.000359697 0.132739
-0.0825762 -0.103021 0.0981109
-0.0803383 0.108733 0.0933123
-0.154208 -0.102193 0.0271318
-0.155989 0.102732 0.0231792
-0.0924182 -0.147575 -0.0174999
-0.0974691 0.145196 -0.0214064
0.000947214 -0.160702 -0.0112421
0.00259655 0.159765 -0.00958196
-0.165654 -4.24634e-06 0.0131552
-0.175753 0.0298941 -0.0147964
-0.176332 -0.0312669 -0.0151332
-0.169274 -0.000889934 -0.0507065
-0.101005 -0.101419 -0.0965625
-0.100296 0.0985486 -0.100597
0.0144013 -0.161593 -0.00751635
0.0153257 0.160874 -0.00379951
0.0147441 -0.0394824 -0.0858241
0.016721 0.0393549 -0.0859648
0.135277 -0.0526974 -0.00951848
0.134833 0.0520536 -0.00524231
0.0969958 -0.145069 0.0121486
0.0989135 0.144986 0.0153435

'Grampus griseus

0.384621 -0.00834966 -0.0150613
0.384254 0.00620836 -0.0153506
0.124163 -0.110457 0.0316118
 0.1322 0.107874 0.0395354
0.0355482 0.0125369 0.0949646
-0.0992903 -0.00230571 0.135494
-0.0876741 -0.13519 0.0773939
-0.0911224  0.1381 0.0660967
-0.12961 -0.120896 0.025156
-0.132392 0.119702 0.0221982
-0.0929523 -0.143238 -0.0104977
-0.0969493 0.140767 -0.0158643
-0.00937368 -0.177395 -0.00927704
-0.00229128 0.17687 -0.00713843
-0.160993 0.000669591 0.0153997
-0.166873 0.0250918 -0.0135472
-0.167293 -0.0252635 -0.0139159
-0.156818 -0.00094427 -0.0448294
-0.0986392 -0.103811 -0.0937221
-0.0966104 0.103087 -0.0960589
0.00983027 -0.181884 -0.0122976
0.00933578 0.181892 -0.0122902
0.0250311 -0.0411104 -0.0823797
0.0252068 0.0409518 -0.0835127
0.138093 -0.0425196 -0.00674173
0.137322 0.0405156 -0.00560512
0.0899034 -0.169255 0.0129155
0.0933729 0.168355 0.0173247

'Orcaella brevirostris

0.361787 -0.00630854 -0.0370271
0.359694 0.00512893 -0.0392457
0.138684 -0.103836 0.0293813
0.140784 0.0991833 0.032397
0.0780994 0.0109252 0.0946468
-0.0703164 0.00268256 0.171935
-0.0881143 -0.129436 0.102142
-0.097749 0.137229 0.0755201
-0.146704 -0.123397 0.0134177
-0.147447 0.124883 0.0106378
-0.126001 -0.138384 -0.0128674
-0.12387 0.140902 -0.00935722
0.000235266 -0.174689 0.0141723
-0.00603099 0.169521 0.0171516
-0.181014 0.00197324 -0.00431307
-0.186312 0.0311577 -0.0607892
-0.193495 -0.0317311 -0.0616521
-0.137381 0.000688096 -0.0822888
-0.0965044 -0.0973251 -0.093415
-0.0944673 0.0976122 -0.0948253
0.0193095 -0.180662 -0.00700729
0.0182146 0.175941 0.0014076
0.0379817 -0.0359545 -0.0510209
0.0408273 0.0344355 -0.0545474
0.141281 -0.0530656 0.000218366
0.14045 0.0479189 0.00309995
0.111405 -0.161509 0.0176019
0.106653 0.156115 0.0246275

'Orcaella heinsohni

0.361911 -0.0104846 -0.0423239
0.36136 0.00355823 -0.0422267
0.134342 -0.0976886 0.0284372
0.139343 0.0934557 0.0336025
0.0630418 0.00927269 0.105606
-0.122173 -0.00158583 0.144447
-0.0818805 -0.124484 0.112001
-0.105592 0.128077 0.0985731
-0.145011 -0.117587 0.0380053
-0.15327 0.123033 0.036617
-0.11137 -0.139441 -0.0197767
-0.116689 0.144118 -0.03299
-0.000839149 -0.167543 0.00695522
0.000376696 0.165592 0.00930253
-0.179372 0.00329718 -0.0111973
-0.174742 0.0341487 -0.0514702
-0.17309 -0.0341507 -0.0463098
-0.146757 -0.000755358 -0.0833179
-0.0958641 -0.0962391 -0.0993272
-0.0944044 0.0948207 -0.105894
0.0222632 -0.175509 -0.0068808
0.0202174 0.169279 0.0013262
0.0373499 -0.04007 -0.0590646
0.0373246 0.0407758 -0.0600147
0.158178 -0.0453926 -0.00736802
0.159454 0.0447116 -0.00336342
0.101323 -0.163364 0.0248858
0.104569 0.160155 0.0317666

'Lissodelphis peronii

0.469481 -0.00616136 0.00707617
0.468796 0.0024392 0.00579317
0.105547 -0.0856133 0.0307907
0.105206 0.0783844 0.0325982
0.0291552 0.0096184 0.062211
-0.0462892 0.0124312 0.129478
-0.0762622 -0.138024 0.0515183
-0.0730397 0.139244 0.0430723
-0.119534 -0.110582 0.0113221
-0.122473 0.108961 0.0166739
-0.0701074 -0.126502 -0.0189686
-0.069078 0.125683 -0.0202599
-0.0308211 -0.146721 -0.00173612
-0.0325203 0.146791 -0.00269074
-0.167541 0.00154596 0.0271413
-0.179722 0.0274996 -0.000650626
-0.178687 -0.0271397 0.000564822
-0.170821 -0.000740448 -0.0303515
-0.101792 -0.0852885 -0.0772759
-0.102782 0.0789381 -0.0795135
-0.0156604 -0.150967 -0.0132729
-0.0191236 0.151018 -0.00592528
0.000568411 -0.0333303 -0.0797379
0.000706588 0.0322078 -0.0784007
0.142351 -0.0301807 -0.0123039
0.144489 0.0262362 -0.0115202
0.0583834 -0.13567 0.00328339
0.0515711 0.135923 0.0110847

'Lissodelphis borealis

0.467384 -0.01003 -0.00048497
0.46919 0.00549119 -4.35596e-06
0.107528 -0.080084 0.0305233
0.109928 0.0743997 0.0376181
0.0341501 0.00857741 0.0552352
-0.052301 0.0103229 0.125491
-0.0724602 -0.125956 0.0580876
-0.0702669 0.129558 0.0517496
-0.124802 -0.120711 0.0190558
-0.129117 0.118605 0.0161082
-0.0748243 -0.12643 -0.0232651
-0.0841264 0.123546 -0.0232459
-0.0325676 -0.136379 -0.00717107
-0.0307192 0.136895 -0.00422521
-0.17101 0.000119608 0.0260712
-0.186331 0.0257163 -0.00190977
-0.186427 -0.0278531 -0.00176359
-0.179555 -0.00172253 -0.0323778
-0.10152 -0.0774884 -0.0851531
-0.103084 0.0771561 -0.0869995
-0.0214034 -0.139917 -0.00892211
-0.0219189 0.138896 -0.00642891
0.0167306 -0.0268176 -0.0751942
0.0163599 0.0260741 -0.0746688
0.143622 -0.0293443 -0.00527888
0.14685 0.0273229 -0.00510197
0.0657167 -0.125299 0.00866214
0.0649743 0.125351 0.0135931

'Lagenorhynchus obscurus

0.437459 -0.00124429 -0.0069471
0.434943 0.00721241 -0.00870864
 0.1095 -0.0779805 0.0240894
0.110392 0.0732379 0.0284631
0.0287709 0.00539268 0.0601012
-0.0730111 0.00501381 0.146231
-0.0771091 -0.136526 0.0694389
-0.0672207 0.139619 0.0581136
-0.148147 -0.118263 0.0322547
-0.142583 0.126325 0.0353372
-0.0849864 -0.134662 -0.0320644
-0.0756146 0.132689 -0.0409585
-0.0276155 -0.150087 -0.0118746
-0.0288201 0.150265 -0.0129487
-0.178194 -0.000605201 0.0213414
-0.189411 0.0302675 -0.00891727
-0.190506 -0.0324647 -0.00900689
-0.178507 -0.00219458 -0.0397267
-0.100027 -0.0851104 -0.100102
-0.105841 0.0814329 -0.0892116
-0.00974981 -0.151899 -0.0150722
-0.0113801 0.149224 -0.0102996
0.0681279 -0.0203498 -0.0270168
0.0675737 0.022413 -0.0255097
0.146574 -0.0374994 -0.0190325
0.140356 0.0350729 -0.0220515
0.0714639 -0.135633 0.00169404
0.0735642 0.126354 0.00238496

'Lagenorhynchus obliquidens

0.436233 -0.00501951 0.0020797
0.436539 0.0040759 0.00225913
0.117405 -0.0831568 0.0269846
0.122473 0.0761157 0.0317166
0.0407061 0.00538776 0.0688192
-0.0796018 -0.00540008 0.147823
-0.0746502 -0.125356 0.073206
-0.071821 0.133632 0.0641472
-0.144274 -0.118021 0.0344603
-0.145406 0.124343 0.0327201
-0.0844601 -0.13393 -0.0323732
-0.0963964 0.131038 -0.0292375
-0.0162203 -0.141999 -0.0162478
-0.01292 0.143297 -0.0182261
-0.172352 0.00383125 0.0388062
-0.186015 0.0283458 -0.00386345
-0.186191 -0.0313558 -0.00161976
-0.174806 -0.00213744 -0.0368605
-0.0880532 -0.0841597 -0.0921925
-0.0896503 0.0813065 -0.0979808
-0.00616127 -0.146908 -0.0148049
-0.00340626 0.146906 -0.0145688
0.0269876 -0.0377768 -0.0794483
0.028464 0.0356026 -0.0821952
0.132654 -0.0311199 -0.0107868
0.130271 0.0328275 -0.00920184
0.0786673 -0.125798 0.00673315
0.0819844 0.125428 0.00985208

'Lagenorhynchus cruciger

0.415243 -0.0111412 0.00383273
0.41363 0.00144565 0.00203155
0.106921 -0.0883797 0.0307724
0.11355 0.0831786 0.0331535
0.0257471 0.0109809 0.0762535
-0.0653595 0.00260509 0.154076
-0.0845539 -0.144194 0.0686094
-0.0969359 0.146339 0.0565123
-0.115487 -0.141585 0.038582
-0.126616 0.136105 0.0372568
-0.0756218 -0.147879 -0.0133616
-0.0775591 0.144341 -0.0226349
-0.0244757 -0.158205 -0.00590579
-0.0277804 0.160314 -0.00712568
-0.170559 -0.00114211 0.0258928
-0.174626 0.023429 -0.000399642
-0.176917 -0.0261243 0.000681384
-0.165762 -0.00289338 -0.0357144
-0.0929982 -0.0892185 -0.0990242
-0.0903984 0.094175 -0.103515
-0.00950961 -0.159714 -0.0215562
-0.005497 0.16023 -0.0153127
0.0304578 -0.0347415 -0.0935891
0.0349684 0.0415843 -0.0857081
0.145809 -0.0402756 -0.0148687
0.14452 0.0397496 -0.015266
0.0731069 -0.141016 0.0014557
0.0767032 0.142033 0.0048714

'Lagenorhynchus australis

0.402301 -0.0115879 -0.0052926
0.403337 0.00248836 -0.00472941
0.127131 -0.0821997 0.0355092
0.128272 0.075743 0.0423606
0.0356386 0.00772419 0.0828479
-0.0664651 0.00222684 0.157963
-0.0754365 -0.1449 0.0679625
-0.0766177 0.148907 0.0551001
-0.139528 -0.125479 0.0305114
-0.146677 0.123452 0.0188137
-0.0927762 -0.133623 -0.0259092
-0.106015 0.133541 -0.0290999
-0.0189386 -0.152802 -0.00983869
-0.0198674 0.152423 -0.00666466
-0.174482 0.00107441 0.0241984
-0.1859 0.0256629 -0.00340081
-0.185959 -0.0245938 -0.00504456
-0.173712 0.000947666 -0.0318833
-0.0968628 -0.089675 -0.0967259
-0.0978086 0.0893542 -0.100354
0.00224352 -0.154412 -0.0175093
-0.00154956  0.1562 -0.013083
0.0465614 -0.0422995 -0.0858459
0.0392621 0.043878 -0.0845166
0.152979 -0.038065 -0.00943425
0.149235 0.03497 -0.00786803
0.0861045 -0.135722 0.00841889
0.0855287 0.136767 0.0135141

'Cephalorhynchus heavisidii

0.395287 -0.00276463 -0.00594904
0.396833 0.00719353 -0.00368753
0.132824 -0.071785 0.0326516
0.130611 0.0623193 0.0348583
0.0510059 -0.00312876 0.0682891
-0.106931 0.00637789 0.149742
-0.0479941 -0.146044 0.0572949
-0.0586357 0.148489 0.0503746
-0.138264 -0.146563 0.0306246
-0.138615 0.146809 0.0181172
-0.108192 -0.137461 -0.025051
-0.108178 0.137765 -0.0268985
-0.00670312 -0.146655 -0.000919996
-0.011109 0.149389 9.04825e-05
-0.185898 0.00329062 0.0323045
-0.197795 0.0341047 -0.0093503
-0.198465 -0.0262296 -0.00573796
-0.182213 -0.000224293 -0.0430497
-0.0981423 -0.0901719 -0.0940269
-0.0890755 0.0889342 -0.0986527
0.00246447 -0.156572 -0.00741958
0.00230542 0.15206 -0.00424607
0.0348298 -0.0400084 -0.0750884
0.0363512 0.039222 -0.0756369
0.152745 -0.0340828 -0.0193411
0.155341 0.0309966 -0.0150908
0.0937276 -0.133689 0.0151385
0.091886 0.12843 0.0206604

'Cephalorhynchus eutropia

0.393895 -0.00242399 -0.0058616
0.395719 0.0105576 -0.00549657
0.140998 -0.0915015 0.0259831
0.129211 0.0772242 0.0372133
0.0459884 0.0110466 0.080739
-0.0914619 0.00468043 0.147121
-0.0890278 -0.131294 0.0770084
-0.0822944 0.133522 0.0619624
-0.134748 -0.120172 0.0368161
-0.125191 0.12287 0.0329559
-0.0914378 -0.139822 -0.0190794
-0.088684 0.139461 -0.0202077
-0.020204 -0.161734 -0.0136385
-0.0174567 0.162249 -0.0147419
-0.173149 0.00116901 0.0171915
-0.18146 0.0307156 -0.0110358
-0.184393 -0.0255273 -0.00949545
-0.17117 -2.55139e-05 -0.0391001
-0.095958 -0.0945124 -0.098856
-0.0997559 0.0931712 -0.0994939
-0.00465397 -0.164529 -0.0177483
-0.00796277 0.163245 -0.0147989
0.031895 -0.0451346 -0.0784939
0.0302041 0.0428324 -0.0787397
0.162555 -0.0471586 -0.00857661
0.152515 0.0306499 -0.00483112
0.0911818 -0.145323 0.00867081
0.0848467 0.145764 0.0145341

'Cephalorhynchus commersoni

0.405308 -0.0071395 -0.0124954
0.407287 0.00505189 -0.0120326
0.129844 -0.0729575 0.0356937
 0.1284 0.0668632 0.0409894
0.0436777 0.00291218 0.0848838
-0.0892099 0.00516861 0.163896
-0.0569294 -0.136341 0.0585684
-0.0592371 0.142344 0.0478586
-0.139739 -0.132581 0.0262826
-0.142499 0.13616 0.0216364
-0.0991995 -0.127037 -0.0352866
-0.11141 0.126038 -0.0347962
-0.00146178 -0.140631 -0.00303154
-0.00416543 0.139041 -0.00041995
-0.19432 0.00299663 0.0306194
-0.205692 0.034524 -0.00632297
-0.206137 -0.0316542 -0.00624131
-0.194066 0.000679588 -0.0484282
-0.0903188 -0.0850704 -0.0963754
-0.0886315 0.0832238 -0.102211
0.00966001 -0.147387 -0.0144299
0.00675289 0.14557 -0.0113662
0.0359637 -0.0385274 -0.0742068
0.0360118 0.0367775 -0.0751734
0.144833 -0.0348975 -0.00202681
0.145017 0.0285878 -0.000613655
0.0964123 -0.125815 0.0100236
0.09385  0.1241 0.0150059

'Lagenorhynchus albirostris

0.408473 -0.00785898 -0.00887748
0.408271 0.0108933 -0.00791924
0.126093 -0.0957873 0.0257352
0.126569 0.0925261 0.0324199
0.0345014 0.00477074 0.0823534
-0.106682 -0.00362014  0.1398
-0.0764899 -0.12993 0.0793512
-0.0798943 0.132276 0.0698319
-0.12805 -0.124537 0.0329889
-0.127854 0.125942 0.0297308
-0.0992983 -0.134478 -0.0159751
-0.0890872 0.135304 -0.0281214
-0.0122584 -0.154744 -0.011662
-0.0120893 0.156634 -0.0127702
-0.174854 0.00204309 0.0190785
-0.179968 0.0260059 -0.00562287
-0.177428 -0.0239502 -0.00655074
-0.17407 0.00109256 -0.0326312
-0.0924929 -0.0916844 -0.0998696
-0.0917133 0.0900526 -0.101731
-0.00242476 -0.162344 -0.0156761
-0.00187443 0.157481 -0.014661
0.0272947 -0.0417992 -0.0852493
0.0281847 0.0410157 -0.0844903
0.148523 -0.0420682 -0.00553816
0.147584 0.0411973 -0.00136294
0.0849223 -0.14021 0.0111529
0.0861137 0.135776 0.0162651

'Lagenorhynchus acutus

0.436415 0.00063478 -0.00272803
0.436129 0.0129534 -0.00331869
0.112315 -0.0715934 0.0306143
0.11191 0.0628508 0.0365154
0.0392009 0.00280719 0.0737933
-0.0764736 0.00392683 0.139231
-0.0766207 -0.118944 0.0860034
-0.0700252 0.125127 0.0730624
-0.138285 -0.126451 0.0403198
-0.124206 0.131883 0.0441443
-0.104473 -0.127554 -0.0295381
-0.109663 0.121913 -0.0276613
-0.0130966 -0.140949 -0.0127042
-0.0126872 0.138306 -0.0132121
-0.182599 0.00250046 0.0220213
-0.179147 0.034765 -0.00976092
-0.193848 -0.0247046 -0.00992677
-0.189969 0.00355013 -0.0437226
-0.093556 -0.0854575 -0.0950586
-0.0854873 0.0801224 -0.0991724
-0.000190187 -0.145069 -0.0163471
-0.00381955 0.137834 -0.0150785
0.0363729 -0.0365297 -0.0834453
0.0368711 0.0282804 -0.0811171
0.147833 -0.0319091 -0.0097433
0.148007 0.0265707 -0.00766444
0.076628 -0.127137 0.00504702
0.0724623 0.122272 0.00944708

'Orcinus orca

0.39749 -0.00493422 -0.00210707
0.396505 0.00673225 -0.00361868
0.122625 -0.0921904 0.042523
0.12387 0.0879366 0.0426903
0.0200371 0.00388295 0.0574725
-0.0902162 -0.00120226 0.133732
-0.0956015 -0.090397 0.103644
-0.0924393 0.0943363 0.0961041
-0.151978 -0.1066 0.0389765
-0.148017 0.109324 0.0492607
-0.0972837 -0.15772 -0.00962292
-0.0942702 0.159291 -0.00984659
0.0131341 -0.176118 -0.00711922
0.0129765 0.173988 -0.0107186
-0.152937 0.000449746 0.00327819
-0.16074 0.0224433 -0.0164849
-0.163081 -0.0204951 -0.0162642
-0.16391 0.00193651 -0.0454144
-0.109561 -0.097475 -0.112057
-0.107425 0.0931026 -0.112595
0.0357825 -0.177532 -0.0146061
0.0320144 0.177211 -0.0158873
0.0100264 -0.0438914 -0.0914018
0.0079343 0.0412556 -0.0895112
0.126551 -0.037997 -0.0231806
0.126185 0.0346597 -0.0223841
 0.1021 -0.158373 0.0181293
0.100226 0.158376 0.0170085

'Phocoena sinus

0.362814 -0.00342225 -0.00905375
0.363664 0.00859 -0.0121261
0.134065 -0.0898608 0.0373963
0.144344 0.0922471 0.0281576
0.0690647 0.00567151 0.0717669
-0.0531329 -0.00623129 0.163703
-0.0686506 -0.142255 0.0786023
-0.0639412 0.142395 0.0795186
-0.148543 -0.133582 0.0185689
-0.147833 0.137521 0.0276565
-0.101283 -0.148166 -0.0318856
-0.111287 0.145847 -0.0231175
-0.00956944 -0.178379 -0.0170566
-0.00226313 0.177604 -0.0234108
-0.183997 -0.00196651 0.0306083
-0.194014 0.041006 -0.0195883
-0.190107 -0.0457979 -0.0243174
-0.175433 0.000145184 -0.077827
-0.0979436 -0.10019 -0.100355
-0.0998286 0.10582 -0.0937805
-0.00283992 -0.174199 -0.00453902
0.00667059 0.175096 -0.0117707
0.0506706 -0.0355141 -0.0594849
0.046891 0.036374 -0.0617313
0.144124 -0.0565764 0.00908693
0.131398 0.050051 -0.00812227
0.0916008 -0.145242 0.024332
0.105361 0.143015 0.00876849

'Phocoena spinipinnis

0.394989 -0.0047624 0.00358924
0.394417 0.00654242 0.00561361
0.14598 -0.0684388 0.0278329
0.146796 0.0702218 0.0184282
0.0815322 0.00388531 0.0513914
-0.075127 -0.00279723 0.153714
-0.0534613 -0.143607 0.0627294
-0.039094 0.139543 0.067044
-0.161422 -0.132266 0.0318125
-0.16387 0.130696 0.0320509
-0.112139 -0.133001 -0.0325144
-0.119277 0.134449 -0.0240606
-0.0245471 -0.153626 -0.0113565
-0.010772 0.156838 -0.00751998
-0.187989 -0.00537629 0.0316425
-0.193014 0.0308576 -0.0138631
-0.1929 -0.0350183 -0.0161496
-0.17726 -0.00121436 -0.0636477
-0.107868 -0.0954041 -0.106704
-0.106849 0.0985543 -0.0995851
0.00207462 -0.149095 0.015971
0.00504617 0.153617 -2.85596e-05
0.0301121 -0.0361992 -0.0741142
0.0287968 0.0372831 -0.0747088
0.132787 -0.0467598 -0.00369772
0.138089 0.0445569 -0.00963076
0.109966 -0.107888 0.0251174
0.115002 0.108408 0.0106438

'Phocoena dioptrica

0.368411 -0.00332119 -0.000992033
0.368786 0.00346816 -0.00273059
0.140445 -0.0862929 0.0375193
0.14427 0.0860966 0.0271619
0.0589275 0.00323887 0.0549861
-0.0538294 -0.00235919 0.168578
-0.0802396 -0.156767 0.0625512
-0.0797772 0.147057 0.0653408
-0.137175 -0.141648 0.0187044
-0.126388 0.141701 0.0168165
-0.0931277 -0.153836 -0.0278102
-0.0876603 0.151179 -0.030611
-0.0148479 -0.160773 -0.00951894
-0.0104432 0.163758 -0.0140768
-0.182966 -0.00392174 0.0357861
-0.205759 0.0294147 -0.00186264
-0.199727 -0.0307017 -0.00342499
-0.18958 0.00397325 -0.0414002
-0.0877734 -0.10263 -0.110871
-0.0882135 0.105799 -0.101573
-0.000826108 -0.165395 -0.00786277
0.00132718 0.166758 -0.0117486
0.040607 -0.0401953 -0.0764493
0.0372017 0.0429952 -0.0762285
0.144057 -0.0526482 0.00344529
0.142846 0.0533151 -0.00280279
0.0956171 -0.142478 0.0200638
0.0958377 0.144213 0.0090106

'Phocoena phocoena

0.382157 -0.00355435 0.0023472
0.382255 0.00749778 0.00181902
0.145812 -0.0817306 0.0346066
0.149644 0.0830984 0.0230353
0.0602014 0.00311986 0.0550648
-0.0831216 -0.00368972 0.153846
-0.0735782 -0.147119 0.058895
-0.0561807 0.139941 0.0614652
-0.125328 -0.148092 0.0198567
-0.125838 0.143607 0.0290638
-0.0916665 -0.146718 -0.0274418
-0.0903657 0.144077 -0.0283874
-0.0214374 -0.163134 -0.00506484
-0.0139021 0.163899 -0.00758058
-0.184696 9.62652e-05 0.0300578
-0.199573 0.0339453 -0.00418082
-0.199293 -0.0310818 -0.00480919
-0.19651 0.00297341 -0.0424267
-0.0927129 -0.101891 -0.107579
-0.09229 0.100765 -0.10289
-0.00387669 -0.162109 0.00439325
0.00190658 0.162936 -0.00350838
0.0297697 -0.0454457 -0.0761696
0.0273643 0.0427079 -0.0778033
0.130714 -0.0467683 -0.00770004
0.135715 0.0474433 -0.0107668
0.102519 -0.12916 0.0205835
0.102311 0.134387 0.0112747

'Phocoenoides dalli

0.387456 -0.0055907 0.0020914
0.388209 0.0048091 0.000932358
0.149701 -0.0829104 0.0276516
0.153255 0.0856799 0.0226801
0.0492599 0.00327267 0.0550424
-0.0822628 -0.00353833 0.151783
-0.0680003 -0.148064 0.0554883
-0.0651899 0.14521 0.0551474
-0.126778 -0.146921 0.0289107
-0.123737 0.146127 0.0286113
-0.0830754 -0.150858 -0.0159246
-0.0854392 0.148036 -0.0201726
-0.0231654 -0.157368 -0.00487427
-0.0205914 0.157773 -0.00643021
-0.18292 -0.000216928 0.0269197
-0.195538 0.029187 -0.00454042
-0.19528 -0.0292802 -0.00463642
-0.190056 0.00137354 -0.0351508
-0.0899229 -0.0997327 -0.109293
-0.0888622 0.100013 -0.107987
-0.00776364 -0.160998 -0.00596929
-0.0041633 0.162064 -0.00763419
0.0253598 -0.0482311 -0.0802137
0.0254554 0.0478789 -0.0815285
0.131701 -0.0543668 -0.000658019
0.133997 0.0561874 -0.0061989
0.0913825 -0.13338 0.0196319
0.0969681 0.133845 0.0163223

'Neophocaena phocaenoides

0.345247 -0.00201604 -0.0215005
0.345357 0.0100341 -0.0215269
0.151361 -0.0890295 0.036467
0.153648 0.088347 0.0231892
0.0522727 0.00265449 0.0810466
-0.0667525 -0.000788579 0.166964
-0.0776674 -0.152344 0.0669954
-0.0752531 0.148133 0.0699197
-0.136339 -0.145075 -0.00113014
-0.136202 0.143405 0.0114148
-0.118814 -0.151643 -0.0197514
-0.118681 0.150706 -0.0129658
-0.000631503 -0.170291 -0.000702252
0.0062535 0.170781 -0.00802941
-0.197964 -0.0012691 0.0203651
-0.206896 0.043075 -0.0319363
-0.207133 -0.0389022 -0.0337997
-0.177405 0.00506196 -0.0773786
-0.101392 -0.116363 -0.0951713
-0.0999707 0.113889 -0.0879556
0.0225859 -0.16716 0.00766289
0.029908 0.165309 0.00138753
0.0424341 -0.0393553 -0.0609542
0.040763 0.0369909 -0.0618836
0.141209 -0.0568833 0.00627656
0.144031 0.0537573 -0.00283992
0.118743 -0.137236 0.0301305
0.127286 0.136214 0.0157059

'Delphinapterus leucas

0.384996 -0.00408448 -0.0237584
0.385034 0.0088232 -0.0244326
0.132862 -0.093359  0.0296
0.145576 0.0937574 0.0213886
0.0124288 0.00993722 0.0796094
-0.142257 -0.0091749 0.134137
-0.087599 -0.130106 0.0627555
-0.0912277 0.12587 0.0658167
-0.14594 -0.126799 0.0305099
-0.14154 0.124895 0.0355349
-0.118694 -0.142734 -0.0106425
-0.108845 0.141727 -0.00564102
0.0226017 -0.147266 -0.000566106
0.0297824 0.145981 -0.00641502
-0.189224 -0.00240179 0.0248939
-0.194013 0.034786 -0.019546
-0.192812 -0.0364609 -0.0230553
-0.170465 0.00120934 -0.0611607
-0.100979 -0.113813 -0.102513
-0.101115 0.113136 -0.0952523
0.0489485 -0.154178 -0.00175527
0.064329 0.155712 -0.0188934
0.0207949 -0.0324803 -0.0625862
0.0223607 0.0302937 -0.0630897
0.123575 -0.0532245 0.0142424
0.126616 0.0564395 0.0108119
0.128998 -0.131581 0.00682131
0.135809 0.135096 0.00318594

'Monodon monoceros

0.371763 -0.00708386 -0.0124669
0.372044 0.00505097 -0.0117394
0.122085 -0.1069 0.0254371
0.137775 0.102018 0.0199697
0.00231594 0.0146683 0.115704
-0.134177 -0.00118224 0.154672
-0.0909667 -0.14561 0.0418528
-0.0964753 0.143396 0.0497759
-0.0983175 -0.148055 0.0173069
-0.107234 0.146445 0.0258729
-0.0801855 -0.157255 -0.0056887
-0.0879339 0.155357 0.000556864
0.0169728 -0.179865 -0.0178981
0.0264994 0.175951 -0.0256068
-0.174851 -0.000947739 0.0205805
-0.18134 0.0274079 -0.00813798
-0.181782 -0.0268273 -0.00931868
-0.17268 0.000391119 -0.0398362
-0.111985 -0.120682 -0.094082
-0.112101 0.12152 -0.0865903
0.0380425 -0.186334 -0.0204029
0.0454664 0.184865 -0.0331045
0.0200046 -0.0253398 -0.05616
0.0189852 0.0252622 -0.0594126
0.115888 -0.0419104 0.00586181
0.11859 0.047989 0.00416101
0.108257 -0.1646 0.00467024
0.115338 0.162269 -0.00597706

'Inia geoffrensis

0.521819 -0.00817547 -0.0393287
0.521587 0.00394239 -0.0388762
0.089844 -0.0676027 0.0321771
0.0936959 0.0657584 0.0293054
0.0113067 0.00480389 0.0615696
-0.088798 -0.00143699 0.12098
-0.101611 -0.0590183 0.0877879
-0.111279 0.0586747 0.0822007
-0.15474 -0.0567395 0.0112594
-0.151173 0.0637361 0.0083494
-0.130217 -0.0992948 -0.0173155
-0.130844 0.0978701 -0.0151444
0.00177698 -0.141625 0.0159878
0.00473523 0.139361 0.0170092
-0.153465 -0.0010213 -0.0112776
-0.161051 0.0202067 -0.0395019
-0.161519 -0.0218972 -0.0398183
-0.146411 -0.000509779 -0.0638248
-0.105316 -0.0897986 -0.0861153
-0.107277 0.0883948 -0.0865871
0.0361759 -0.126948 0.0285184
0.0362428 0.126802 0.0288506
-0.00167331 -0.0307206 -0.0630015
-5.04921e-05 0.0316814 -0.0633458
0.108143 -0.0108948 -0.0161797
0.107537 0.0128982 -0.015794
0.0850025 -0.100644 0.0359591
0.0875601 0.102196 0.0361565

'Pontoporia blanvillei

0.606298 -0.00777462 -0.0550255
0.605888 -0.000336848 -0.0552677
0.0692518 -0.0392657 0.0382559
0.0710236 0.042005 0.0377286
-0.0160423 0.00318713 0.0665312
-0.103089 0.00338772 0.0878057
-0.105261 -0.0749917 0.0617281
-0.111442 0.0755355 0.0558521
-0.137779 -0.0783552 0.00907431
-0.14099 0.0771646 0.0125447
-0.109164 -0.0927418 -0.0243505
-0.111043 0.0911653 -0.022846
-0.00110494 -0.0985252 0.0247839
-0.00076597 0.0993087 0.0249886
-0.153539 -0.000147485 -0.000776469
-0.158405 0.026091 -0.0342756
-0.15765 -0.0257583 -0.0355529
-0.140272 -0.000689954 -0.0570814
-0.0984765 -0.0620466 -0.073933
-0.100542 0.0601952 -0.0734078
0.00778679 -0.0966407 0.0239211
0.00939643 0.0958894 0.0259025
-0.00595191 -0.0248887 -0.0468205
-0.00554333 0.025326 -0.0471057
0.081098 -0.0210088 -0.00942196
0.0789665 0.0225165 -0.0121052
0.0631271 -0.0687535 0.0404424
0.0642247 0.070153 0.038411

'Lipotes vexillifer

0.575363 -0.000829759 -0.0187045
0.57586 0.00922162 -0.0186206
0.0609419 -0.0659389 0.0187524
0.0631636 0.058901 0.0238256
-0.0115315 0.00373496 0.0343333
-0.0899163 0.00415589 0.0995363
-0.100617 -0.0745522 0.0772903
-0.101988 0.0765624 0.0723694
-0.141198 -0.0683327 0.012836
-0.132479 0.0612574 0.0104087
-0.111854 -0.104496 -0.022014
-0.110401 0.103028 -0.0234013
-0.0189284 -0.122053 0.0109336
-0.0145245 0.12067 0.0129399
-0.142402 0.00224641 0.0112332
-0.149169 0.02428 -0.0131629
-0.153141 -0.0212382 -0.0130422
-0.149015 0.00350743 -0.043408
-0.109842 -0.0779205 -0.0825752
-0.104363 0.0780828 -0.0833322
0.0117875 -0.109221 0.0318368
0.0144904 0.107891 0.0321632
-0.00144865 -0.0235897 -0.0623359
0.00194668 0.0212106 -0.063323
0.106829 -0.0079083 -0.0431411
0.106644 0.00635944 -0.043915
0.0635291 -0.0885609 0.0420897
0.0622624 0.083532 0.0404273

'Mesoplodon bowdoini

0.461102 -0.00293634 0.00772936
0.460431 0.00537703 0.00673174
0.097819 -0.0937322 0.0437173
0.101071 0.0867939 0.0406952
0.0145901 0.00961889 0.061808
-0.048533 0.011945 0.132674
-0.102524 -0.0995904 0.0639903
-0.0965759 0.103695 0.0656467
-0.127677 -0.0847074 0.0354883
-0.125597 0.0886367 0.0411511
-0.106597 -0.114624 -0.00765066
-0.102299 0.115432 -0.00728755
-0.0330816 -0.146172 -0.000686834
-0.028251 0.142075 4.23421e-05
-0.148289 -0.00153725 0.0103419
-0.153643 0.0197747 -0.00453808
-0.153331 -0.0244819 -0.0058337
-0.155472 -0.00267327 -0.0296757
-0.102904 -0.0910929 -0.0918596
-0.100839 0.0858645 -0.0949047
-0.0202152 -0.15453 -0.0149959
-0.0210154 0.15042 -0.00736518
-0.00819889 -0.0434172 -0.116944
-0.0197378 0.0438532 -0.108553
0.201287 -0.0205706 -0.0193536
0.199503 0.0205626 -0.0150676
0.0599442 -0.132595 0.00900582
0.0590352 0.128613 0.00569405

'Mesoplodon ginkgondens

0.475701 -0.0117345 -0.00584497
0.470816 -0.0012552 -0.0073521
0.0909932 -0.0940199 0.0462612
0.0924761 0.0943216 0.0502152
0.0200867 0.010754 0.0878594
-0.052931 0.00664134 0.139176
-0.0839806 -0.120186 0.0321995
-0.0909829 0.120709 0.0283928
-0.104542 -0.104795 0.0166311
-0.108876 0.105422 0.00803043
-0.0946968 -0.121557 -0.0172878
-0.100293 0.118718 -0.0167994
-0.0226649 -0.145314 -0.00397385
-0.0224408 0.147023 4.15367e-05
-0.145297 -0.00160174 0.0160264
-0.156906 0.014669 -0.00165489
-0.153034 -0.0208793 0.000433466
-0.151072 -0.00222582 -0.0257644
-0.0980917 -0.0894598 -0.0855497
-0.101485 0.0883914 -0.0903891
-0.0220057 -0.155025 -0.00337362
-0.0252406 0.157295 0.000258798
-0.0365772 -0.0500066 -0.0974624
-0.0384698 0.0548309 -0.0967952
0.165582 -0.0309439 -0.00849813
0.171348 0.0262693 -0.00889151
0.0603847 -0.133698 0.0195076
0.0621996 0.137659 0.0246035

'Mesoplodon europaeus

0.489321 -0.00422723 -0.00889141
0.491051 0.00288952 -0.00869148
0.0909155 -0.0899238 0.0445187
0.0943337 0.0845549 0.0455397
0.0167275 0.00711841 0.0678891
-0.0518485 0.00378702 0.135009
-0.0965057 -0.108739 0.0474762
-0.0938612 0.110562 0.0429109
-0.123874 -0.092878 0.0202127
-0.122716 0.0931226 0.0167727
-0.0862671 -0.119402 -0.0154091
-0.0907194 0.116442 -0.0128027
-0.0274991 -0.138822 0.000795565
-0.0261705 0.138147 0.00136588
-0.145495 0.000687365 0.0117029
-0.151819 0.0192903 -0.00530931
-0.151911 -0.0183001 -0.00500977
-0.155833 -1.16481e-06 -0.0274062
-0.0974014 -0.0857148 -0.0860526
-0.0991839 0.0839495 -0.0914025
-0.0189986 -0.149698 -0.00497425
-0.019216 0.147679 -0.00463599
-0.0290491 -0.0444786 -0.099255
-0.0286019 0.045704 -0.097965
0.150005 -0.0340103 -0.00314566
0.148165 0.0326131 -0.000476339
0.0684058 -0.128644 0.0168896
0.0680448 0.128293 0.0203446

'Mesoplodon mirus

0.500261 -0.00748423 -0.00620723
0.496556 -0.000268822 -0.00690862
0.0894833 -0.0834165 0.0429288
0.0863348 0.0779982 0.0486249
0.0187225 0.00443528 0.0635587
-0.0630485 -0.00310314 0.136332
-0.0831993 -0.0973214 0.0595301
-0.0824498 0.0982614 0.0591625
-0.119703 -0.0859812 0.0185185
-0.125952 0.0866407 0.0127908
-0.100331 -0.111314 -0.0133445
-0.100737 0.108981 -0.0167059
-0.0377403 -0.13215 0.00867678
-0.0362954 0.128945 0.00450686
-0.146695 0.00413017 0.0121756
-0.159434 0.0201046 -0.0128873
-0.16182 -0.0154887 -0.0084622
-0.155818 -0.000374828 -0.0361235
-0.0913147 -0.0906726 -0.0800229
-0.0924463 0.0827521 -0.0849929
-0.0163429 -0.143716 -0.0080931
-0.0209392 0.138643 -0.00618369
-0.0264388 -0.0421643 -0.0957667
-0.0338163 0.0553748 -0.100092
0.162607 -0.0182744 -0.014517
0.16462 0.0216793 -0.0110207
0.0679057 -0.120892 0.0171601
0.0680308 0.124677 0.0173628

'Mesoplodon hectori

0.494286 -0.00622735 -0.00151111
0.49305 -0.00368365 -0.00153063
0.104125 -0.0720041 0.0306842
0.106959 0.0705115 0.0323319
0.0209311 0.0131063 0.0771998
-0.0716466 0.00651796 0.144105
-0.0976183 -0.103549 0.0638473
-0.104969 0.103568 0.0587405
-0.114946 -0.102246 0.024757
-0.118325 0.0994333 0.0193662
-0.0800119 -0.112179 -0.0184818
-0.0859018 0.110171 -0.0171911
-0.0356428 -0.122003 -0.00247779
-0.0396648 0.123231 -0.000159979
-0.153851 -0.000733777 0.0222362
-0.161599 0.0211204 -0.00176893
-0.15454 -0.0233733 -0.000711504
-0.163753 -0.000317761 -0.0340852
-0.104249 -0.0831879 -0.100028
-0.0993729 0.082113 -0.0984511
-0.0235148 -0.130068 -0.00752689
-0.0229292 0.12968 -0.00182324
-0.0210968 -0.043106 -0.0976858
-0.0194508 0.0433933 -0.0998508
0.155606 -0.0292973 -0.00617162
0.160813 0.027197 -0.0056948
0.0692391 -0.111128 0.0107111
0.0680749 0.11306 0.0111711

'Mesoplodon bidens

0.529026 -0.00344288 0.0121317
0.530254 0.00377416 0.0119345
0.0850418 -0.0799509 0.0241797
0.0886287 0.0749856 0.0301239
0.0293975 0.00667926 0.0587475
-0.0562841 0.00197609 0.118818
-0.0750907 -0.105284 0.0507819
-0.0832 0.103875 0.0480782
-0.1139 -0.0880372 0.0241918
-0.112984 0.0877896 0.0202886
-0.0950084 -0.107401 -0.00449443
-0.0909296 0.106422 -0.00639594
-0.0399875 -0.125424 -0.000811941
-0.0379597 0.125084 -0.00394488
-0.147135 0.000592475 0.0223644
-0.154904 0.0219911 -0.00103912
-0.158472 -0.0217208 0.000494076
-0.153171 -0.0011235 -0.028176
-0.107205 -0.0748018 -0.0829626
-0.0993426 0.0733683 -0.0827435
-0.0326648 -0.132621 -0.00504585
-0.0298361 0.132741 -0.00556838
-0.0273611 -0.0384325 -0.0959447
-0.025937 0.0370626 -0.0971626
0.135483 -0.0275844 -0.0144908
0.133461 0.0295967 -0.0115768
0.0547657 -0.124463 0.00744113
0.0553135 0.124349 0.0107817

'Indopacetus pacificus

0.447545 0.00157088 0.00208117
0.447638 0.0101922 0.0014608
0.0893638 -0.111536 0.0449589
0.0917431 0.104305 0.048979
0.0267022 0.0101403 0.0706491
-0.0654273 0.000732444 0.151797
-0.0897999 -0.136397 0.0669001
-0.0846664 0.131414 0.0626752
-0.119599 -0.103226 0.0258133
-0.113229 0.106014 0.0245359
-0.0969775 -0.126512 -0.0109272
-0.0931588 0.128956 -0.0123884
-0.0303133 -0.156492 -0.00280895
-0.0296722 0.153613 -0.00341872
-0.139628 0.00302644 0.00961134
-0.147729 0.02135 -0.00488742
-0.144616 -0.0155094 -0.00642226
-0.152469 0.00101271 -0.0245643
-0.0949111 -0.0969544 -0.0927151
-0.0904703 0.097372 -0.0963001
-0.0168515 -0.159534 -0.0115667
-0.0156889 0.159599 -0.00948111
-0.0208434 -0.056058 -0.110206
-0.012411 0.040877 -0.118589
0.158221 -0.0298684 -0.0260719
0.15773 0.0267631 -0.0214461
0.0691461 -0.147127 0.020319
0.0703725 0.142276 0.0220132

'Hyperodont planifrons

0.46485 -0.0125952 -0.00252523
0.464652 -0.00373307 -0.00340734
0.106982 -0.0996154 0.0431327
0.109886 0.103846 0.0455834
-0.0483834 0.0172793 0.036299
-0.0582012 -0.00721015 0.175143
-0.0824454 -0.118268 0.0595477
-0.10724 0.116682 0.0629694
-0.106408 -0.0989364 0.0303449
-0.112854 0.101258 0.0239964
-0.0767027 -0.123017 -0.013316
-0.0825017 0.121144 -0.0138242
0.00788826 -0.143656 -0.0185339
0.00821579 0.145427 -0.0203529
-0.153302 -4.41456e-05 0.0214267
-0.163652 0.0177003 -0.000935207
-0.165086 -0.0178945 -0.00124639
-0.163634 -0.00114252 -0.0300863
-0.091735 -0.0907613 -0.0954745
-0.09078 0.091539 -0.0998048
0.00453858 -0.156759 -0.0200697
0.00719411 0.158769 -0.0207224
-0.0301304 -0.0498157 -0.101774
-0.030887 0.0485363 -0.0895282
0.113978 -0.0518431 0.0144207
0.114405 0.0524192 0.0109361
0.0776942 -0.148985 0.00394349
0.0836593 0.149677 0.00385737

'Hyperodont ampullatus

0.473735 -0.00862091 -0.021499
0.477111 0.011168 -0.0189116
0.0955953 -0.092961 0.0470916
0.0935237 0.0864702 0.0599438
-0.0285966 0.0222347 0.0592282
-0.0825662 -0.00126545 0.146859
-0.115423 -0.10581 0.0521577
-0.119135 0.107904 0.0490639
-0.117969 -0.100441 0.026664
-0.112242 0.106368 0.0179237
-0.0863418 -0.119466 0.000219845
-0.0836497 0.120654 -0.00234799
0.0032062 -0.141006 -0.0271992
0.00535411 0.132818 -0.023022
-0.141413 0.000719993 0.0221421
-0.162118 0.018016 -0.000618
-0.16309 -0.016508 -0.00135153
-0.161535 -0.000658917 -0.0285254
-0.0804427 -0.093729 -0.0838498
-0.0774261 0.0887486 -0.0864441
0.00384852 -0.161942 -0.0220862
0.00472487 0.157945 -0.0221949
-0.0144266 -0.051066 -0.0932896
-0.0210812 0.0501622 -0.0890845
0.12689 -0.0567887 0.0108837
0.125189 0.0518273 0.0153023
0.0774873 -0.149211 0.00425718
0.080792 0.144437 0.00868638

'Ziphius cavirostris

0.44212 -0.00850155 0.00485261
0.44091 -0.000403674 0.0033525
0.085479 -0.1035 0.0493732
0.0907319 0.0987209 0.0545437
0.0179101 0.0232592 0.073069
-0.0676495 -0.00256866 0.159385
-0.0570677 -0.122341 0.0595218
-0.0577828 0.122331 0.0603284
-0.0972527 -0.101105 0.0345289
-0.102849 0.101575 0.0289041
-0.084385 -0.124488 -0.00850423
-0.0893023 0.120612 -0.00537149
-0.0193565 -0.143722 -0.00153133
-0.0173722 0.146312 -0.00292379
-0.15381 0.000977533 0.00500702
-0.169787 0.0199279 -0.0128279
-0.165592 -0.0171152 -0.0146164
-0.165383 0.000715443 -0.034944
-0.117023 -0.104049 -0.115331
-0.116468 0.0937235 -0.116208
-0.0114015 -0.169719 -0.0155452
-0.0123551 0.164575 -0.0128551
-0.046903 -0.0536483 -0.108594
-0.0452063 0.0543369 -0.109347
0.175839 -0.0257737 -0.0134677
0.170237 0.0254521 -0.0167338
0.087291 -0.124944 0.0265918
0.0864259 0.12936 0.0293426

'Berardius arnuxii

0.466771 -0.00597976 -0.00590613
0.466457 0.00297635 -0.00708329
0.084888 -0.0997033 0.0580975
0.0845927 0.0899455 0.0653252
-0.0030471 0.00656122 0.097101
-0.0860453 0.00819812 0.144976
-0.0736502 -0.106359 0.0589498
-0.0802273 0.108543 0.0528207
-0.0980512 -0.0993989 0.0286458
-0.100563 0.103671 0.0263199
-0.0947429 -0.115967 -0.0027435
-0.0955897 0.117261 0.000440517
-0.0160276 -0.159439 0.0111558
-0.0135564 0.161445 0.00877919
-0.137188 -0.00162276 0.0145969
-0.140228 0.0206904 -0.0120394
-0.144274 -0.0244044 -0.0142581
-0.145348 -0.00185975 -0.0404869
-0.100472 -0.111482 -0.100555
-0.101013 0.104026 -0.105015
0.00662121 -0.173257 -0.0246503
0.00824754 0.173957 -0.0214735
-0.0405319 -0.0493116 -0.0936028
-0.0342369 0.0560177 -0.102885
0.131173 -0.0334272 -0.020355
0.129835 0.0310464 -0.0156176
0.0635228 -0.162068 -0.00223413
0.0626846 0.159941 0.0016974

'Platanista gangetica

0.557465 0.000820929 0.0363207
0.55638 0.00965091 0.0369282
0.0612528 -0.0687307 0.000553254
0.0638337 0.0721754 0.00246702
-0.00386714 0.00424488 0.0249041
-0.0964835 0.000344512 0.10653
-0.107468 -0.0349027 0.09607
-0.0944727 0.0287043 0.102005
-0.156417 -0.054051 0.0439187
-0.14721 0.0522592 0.0472644
-0.134117 -0.087724 0.000277881
-0.124925 0.0853692 0.00500618
0.0457369 -0.116902 -0.00359284
0.0552904 0.119932 -0.00794666
-0.165607 0.00311224 0.00421339
-0.17345 0.0242612 -0.0208178
-0.173348 -0.0213705 -0.0198993
-0.158867 0.00205101 -0.0436298
-0.142152 -0.0797452 -0.0575104
-0.137122 0.0787158 -0.0520143
0.0635959 -0.115629 -0.0129038
0.0666753 0.118036 -0.0130956
-0.0198666 -0.0374129 -0.0662524
-0.0200904 0.00973915 -0.0667801
0.0951497 -0.00899121 -0.0566966
0.0951698 0.0120917 -0.0511281
0.0969314 -0.103185 -0.014976
0.0979839 0.107136 -0.0192151

'Kogia breviceps

0.33728 -0.0173243 -0.00782421
0.335971 0.0179761 -0.00573785
0.140891 -0.123921 0.0634772
0.144835 0.115927 0.0688341
0.0543939 0.0161041 0.0627982
-0.103189 -0.0162189 0.162196
-0.0638615 -0.157635 0.0708949
-0.0645462 0.158526 0.0651669
-0.0963806 -0.142067  0.0478
-0.0988323 0.142989 0.0444842
-0.102854 -0.15438 0.0167103
-0.107296 0.156047 0.0169937
-0.010677 -0.207562 -0.0661492
-0.00584123 0.210159 -0.0697202
-0.147731 -0.000192751 0.014099
-0.15408 0.024268 -0.0169996
-0.154697 -0.0229074 -0.0163774
-0.132634 0.00173052 -0.0475858
-0.112803 -0.139181 -0.116375
-0.112101 0.139764 -0.119452
-0.0372931 -0.210167 -0.0230005
-0.0337166 0.211496 -0.0283464
0.0271633 -0.0254966 -0.0728649
0.0259446 0.0261661 -0.075932
0.17806 -0.0164827 -0.00848082
0.176436 0.0136491 -0.0098874
0.0556939 -0.189518 0.0288864
0.0618643 0.18825 0.0223929

'Kogia sima

0.311859 -0.0131783 -0.0159146
0.313285 0.00895297 -0.0151048
0.168382 -0.112746 0.063171
0.170501 0.117466 0.0648111
0.093472 0.0183611 0.0692915
-0.077666 0.000250055 0.169285
-0.0744095 -0.179498 0.0482583
-0.0701577 0.173683 0.0526724
-0.111792 -0.156293 0.0291471
-0.105867 0.153213 0.0305307
-0.0942434 -0.178839 -0.0109572
-0.0905645 0.178689 -0.0121371
-0.0159459 -0.198917 -0.0473127
-0.0203887 0.196665 -0.0429628
-0.161288 0.000888056 0.0168113
-0.172107 0.0342069 -0.0112141
-0.17236 -0.0346917 -0.0143148
-0.154014 -0.00121619 -0.0578724
-0.107278 -0.130269 -0.110612
-0.115899 0.128363 -0.112512
-0.0258235 -0.20646 -0.0193267
-0.0246738 0.204713 -0.0252846
0.0377563 -0.0249178 -0.0624232
0.0388393 0.0253448 -0.0600433
0.147809 -0.0471852 0.0054522
0.145921 0.0445309 -0.000432131
0.0800826 -0.191426 0.0370626
0.0865722 0.19031 0.0319315
